{
 "cells": [
  {
   "cell_type": "code",
   "execution_count": 1,
   "metadata": {},
   "outputs": [],
   "source": [
    "import os\n",
    "from math import *\n",
    "from time import perf_counter_ns\n",
    "import gc\n",
    "from random import choice\n",
    "os.chdir('tsp_dataset')"
   ]
  },
  {
   "cell_type": "markdown",
   "metadata": {},
   "source": [
    "# Parse input "
   ]
  },
  {
   "cell_type": "code",
   "execution_count": 2,
   "metadata": {},
   "outputs": [],
   "source": [
    "def parse(fileaddress):\n",
    "    CoOrdinates = {}\n",
    "    with open(fileaddress) as f:\n",
    "        lines = f.readlines()\n",
    "    lines[0] = ': '.join(lines[0].split(' : '))\n",
    "    Name = lines[0].split(\" \")[1].strip()\n",
    "    lines[4] = ': '.join(lines[4].split(' : '))\n",
    "    EWT = lines[4].split(\" \")[1].strip()\n",
    "    lines[3] = ': '.join(lines[3].split(' : '))\n",
    "    Dimension = lines[3].split(\" \")[1].strip()\n",
    "    flag = False\n",
    "    for line in lines:\n",
    "        line = ' '.join(line.split())\n",
    "        if line.strip().split(\" \")[0] == '1':\n",
    "            flag = True\n",
    "        elif flag == False:\n",
    "            continue\n",
    "        if line.strip().split(\" \")[0] == 'EOF':\n",
    "            break\n",
    "        n,x,y = line.strip().split(\" \")\n",
    "        CoOrdinates[n] = (x,y)\n",
    "    return Name, EWT, Dimension, CoOrdinates"
   ]
  },
  {
   "cell_type": "markdown",
   "metadata": {},
   "source": [
    "<p>we save the coordinates in a dictionary with the vertex ID as the key and a (x,y) tuple as the data</p>"
   ]
  },
  {
   "cell_type": "code",
   "execution_count": 3,
   "metadata": {},
   "outputs": [
    {
     "name": "stdout",
     "output_type": "stream",
     "text": [
      "Data set name: berlin52\n",
      "Type: EUC_2D\n",
      "Dimension: 52\n",
      "Coordinates: {'1': ('565.0', '575.0'), '2': ('25.0', '185.0'), '3': ('345.0', '750.0'), '4': ('945.0', '685.0'), '5': ('845.0', '655.0'), '6': ('880.0', '660.0'), '7': ('25.0', '230.0'), '8': ('525.0', '1000.0'), '9': ('580.0', '1175.0'), '10': ('650.0', '1130.0'), '11': ('1605.0', '620.0'), '12': ('1220.0', '580.0'), '13': ('1465.0', '200.0'), '14': ('1530.0', '5.0'), '15': ('845.0', '680.0'), '16': ('725.0', '370.0'), '17': ('145.0', '665.0'), '18': ('415.0', '635.0'), '19': ('510.0', '875.0'), '20': ('560.0', '365.0'), '21': ('300.0', '465.0'), '22': ('520.0', '585.0'), '23': ('480.0', '415.0'), '24': ('835.0', '625.0'), '25': ('975.0', '580.0'), '26': ('1215.0', '245.0'), '27': ('1320.0', '315.0'), '28': ('1250.0', '400.0'), '29': ('660.0', '180.0'), '30': ('410.0', '250.0'), '31': ('420.0', '555.0'), '32': ('575.0', '665.0'), '33': ('1150.0', '1160.0'), '34': ('700.0', '580.0'), '35': ('685.0', '595.0'), '36': ('685.0', '610.0'), '37': ('770.0', '610.0'), '38': ('795.0', '645.0'), '39': ('720.0', '635.0'), '40': ('760.0', '650.0'), '41': ('475.0', '960.0'), '42': ('95.0', '260.0'), '43': ('875.0', '920.0'), '44': ('700.0', '500.0'), '45': ('555.0', '815.0'), '46': ('830.0', '485.0'), '47': ('1170.0', '65.0'), '48': ('830.0', '610.0'), '49': ('605.0', '625.0'), '50': ('595.0', '360.0'), '51': ('1340.0', '725.0'), '52': ('1740.0', '245.0')}\n"
     ]
    }
   ],
   "source": [
    "NAME , EDGE_WEIGHT_TYPE , DIMENSION , Coordinates  = parse('berlin52.tsp')\n",
    "print(f\"Data set name: {NAME}\\nType: {EDGE_WEIGHT_TYPE}\\nDimension: {DIMENSION}\\nCoordinates: {Coordinates}\")"
   ]
  },
  {
   "cell_type": "code",
   "execution_count": 4,
   "metadata": {},
   "outputs": [],
   "source": [
    "def computeWeight(First, Second, Type):\n",
    "    x1 = float(First[0])\n",
    "    x2 = float(Second[0])\n",
    "    y1 = float(First[1])\n",
    "    y2 = float(Second[1])\n",
    "    if Type == \"EUC_2D\":\n",
    "        return sqrt((x1-x2)**2 + (y1-y2)**2)\n",
    "    if Type == \"GEO\":\n",
    "        Pi = 3.141592\n",
    "        R = 6378.388\n",
    "        lon1 = (x1/180)*Pi\n",
    "        lon2 = (x2/180)*Pi\n",
    "        lat1 = (y1/180)*Pi\n",
    "        lat2 = (y2/180)*Pi\n",
    "        dlon = lon2 - lon1\n",
    "        dlat = lat2 - lat1\n",
    "        a = sin(dlat / 2)**2 + cos(lat1) * cos(lat2) * sin(dlon / 2)**2\n",
    "        c = 2 * atan2(sqrt(a), sqrt(1 - a))\n",
    "        return R * c\n"
   ]
  },
  {
   "cell_type": "code",
   "execution_count": 5,
   "metadata": {},
   "outputs": [
    {
     "name": "stdout",
     "output_type": "stream",
     "text": [
      "('565.0', '575.0') ('25.0', '185.0')\n",
      "666.1080993352356\n"
     ]
    }
   ],
   "source": [
    "print(Coordinates['1'],Coordinates['2'])\n",
    "print(computeWeight(Coordinates['1'],Coordinates['2'],EDGE_WEIGHT_TYPE))"
   ]
  },
  {
   "cell_type": "code",
   "execution_count": 6,
   "metadata": {},
   "outputs": [],
   "source": [
    "def getKey(sdict):\n",
    "    key_list = list(sdict.keys())\n",
    "    return key_list\n",
    "\n",
    "def makeGraph(Coordinates):\n",
    "    keys = getKey(Coordinates)\n",
    "    matrix = []\n",
    "    for i in range(len(keys)):\n",
    "        u = keys[i]\n",
    "        for j in range(i,len(keys)):\n",
    "            v = keys[j]\n",
    "            if v == u:\n",
    "                continue\n",
    "            w = computeWeight(Coordinates[u],Coordinates[v],EDGE_WEIGHT_TYPE) # weight computed for edge(u,v)\n",
    "            matrix.append((u,v,w))\n",
    "    return keys, matrix\n",
    "\n",
    "def makeDict(Coordinates):\n",
    "    keys = getKey(Coordinates)\n",
    "    dictionary = {}\n",
    "    for i in range(len(keys)):\n",
    "        u = keys[i]\n",
    "        for j in range(i,len(keys)):\n",
    "            v = keys[j]\n",
    "            if v == u:\n",
    "                continue\n",
    "            w = computeWeight(Coordinates[u],Coordinates[v],EDGE_WEIGHT_TYPE) # weight computed for edge(u,v)\n",
    "            dictionary[(u,v)] = (u,v,w)\n",
    "    return dictionary"
   ]
  },
  {
   "cell_type": "markdown",
   "metadata": {},
   "source": []
  },
  {
   "cell_type": "code",
   "execution_count": 9,
   "metadata": {},
   "outputs": [
    {
     "name": "stdout",
     "output_type": "stream",
     "text": [
      "vertices: ['1', '2', '3', '4', '5', '6', '7', '8', '9', '10', '11', '12', '13', '14', '15', '16', '17', '18', '19', '20', '21', '22', '23', '24', '25', '26', '27', '28', '29', '30', '31', '32', '33', '34', '35', '36', '37', '38', '39', '40', '41', '42', '43', '44', '45', '46', '47', '48', '49', '50', '51', '52']\n",
      "\n",
      " edges: [('1', '2', 666.1080993352356), ('1', '3', 281.1138559374119), ('1', '4', 395.60080889704966), ('1', '5', 291.20439557122074), ('1', '6', 326.266762021509), ('1', '7', 640.8002808988149), ('1', '8', 426.8782027698299), ('1', '9', 600.1874707122766), ('1', '10', 561.4712815451918), ('1', '11', 1040.9731024382907), ('1', '12', 655.0190836914601), ('1', '13', 975.0), ('1', '14', 1120.7698247187066), ('1', '15', 299.0401310861136), ('1', '16', 260.0480724789169), ('1', '17', 429.53463189829057), ('1', '18', 161.55494421403512), ('1', '19', 305.0), ('1', '20', 210.05951537600004), ('1', '21', 286.9233347080715), ('1', '22', 46.09772228646444), ('1', '23', 181.1767093199344), ('1', '24', 274.5906043549196), ('1', '25', 410.03048667141815), ('1', '26', 728.9718787443038), ('1', '27', 798.5142453331688), ('1', '28', 707.0007072132248), ('1', '29', 406.2634613154375), ('1', '30', 360.06943774777665), ('1', '31', 146.37281168304446), ('1', '32', 90.55385138137417), ('1', '33', 827.3149339882606), ('1', '34', 135.09256086106296), ('1', '35', 121.6552506059644), ('1', '36', 125.0), ('1', '37', 207.9663434308542), ('1', '38', 240.41630560342617), ('1', '39', 166.20770138594662), ('1', '40', 208.92582415776178), ('1', '41', 395.37956446938426), ('1', '42', 565.795899596312), ('1', '43', 463.8156961552724), ('1', '44', 154.434452114805), ('1', '45', 240.20824298928628), ('1', '46', 279.8660393831306), ('1', '47', 791.2806076228584), ('1', '48', 267.30132809247317), ('1', '49', 64.03124237432849), ('1', '50', 217.0829334609241), ('1', '51', 789.3826701923472), ('1', '52', 1220.4609784831305), ('2', '1', 666.1080993352356), ('2', '3', 649.3265742290239), ('2', '4', 1047.091209016674), ('2', '5', 945.1454914456292), ('2', '6', 978.084863393765), ('2', '7', 45.0), ('2', '8', 956.1511386804913), ('2', '9', 1134.9559462816167), ('2', '10', 1132.9827889248804), ('2', '11', 1638.7876616572387), ('2', '12', 1258.5904814513735), ('2', '13', 1440.0781228808387), ('2', '14', 1515.7258987033242), ('2', '15', 957.8230525519837), ('2', '16', 724.0338389882064), ('2', '17', 494.77267507411926), ('2', '18', 595.4829972383762), ('2', '19', 843.4008536870235), ('2', '20', 564.468776815866), ('2', '21', 392.4601890638081), ('2', '22', 636.4157446198201), ('2', '23', 509.82840250421515), ('2', '24', 921.7917335276987), ('2', '25', 1028.846441409018), ('2', '26', 1191.5116449284078), ('2', '27', 1301.508739886137), ('2', '28', 1243.7242459645145), ('2', '29', 635.0196847342609), ('2', '30', 390.4484601070927), ('2', '31', 541.2254613375095), ('2', '32', 730.0), ('2', '33', 1488.7074930959407), ('2', '34', 782.0805585104389), ('2', '35', 776.9813382572326), ('2', '36', 785.0), ('2', '37', 857.7004138975334), ('2', '38', 896.9392398596462), ('2', '39', 827.9643712141242), ('2', '40', 869.7413408594534), ('2', '41', 896.1724164467461), ('2', '42', 102.59142264341595), ('2', '43', 1123.710371937538), ('2', '44', 744.8825410761082), ('2', '45', 823.2860985101108), ('2', '46', 859.0838143045182), ('2', '47', 1151.271036724194), ('2', '48', 910.3021476411005), ('2', '49', 728.0109889280518), ('2', '50', 596.2591718372138), ('2', '51', 1421.5572447144011), ('2', '52', 1716.049241717731), ('3', '1', 281.1138559374119), ('3', '2', 649.3265742290239), ('3', '4', 603.5105632878351), ('3', '5', 508.9449872039217), ('3', '6', 542.5172808307584), ('3', '7', 610.5735008989499), ('3', '8', 308.05843601498725), ('3', '9', 485.64390246352315), ('3', '10', 487.2627627882106), ('3', '11', 1266.6885963013956), ('3', '12', 891.3613184337763), ('3', '13', 1247.7579893553077), ('3', '14', 1399.7321172281502), ('3', '15', 504.8762224545735), ('3', '16', 537.4011537017761), ('3', '17', 217.3131381210073), ('3', '18', 134.6291201783626), ('3', '19', 207.0024154448445), ('3', '20', 440.9648512069868), ('3', '21', 288.5307609250702), ('3', '22', 240.52026941611388), ('3', '23', 361.178626167164), ('3', '24', 505.69259436934607), ('3', '25', 652.533524043018), ('3', '26', 1005.9448295011014), ('3', '27', 1067.6375789564547), ('3', '28', 970.3221114660843), ('3', '29', 651.2488003827723), ('3', '30', 504.2072986381693), ('3', '31', 208.92582415776178), ('3', '32', 245.20399670478457), ('3', '33', 903.3963692643446), ('3', '34', 393.605132080363), ('3', '35', 373.6642878306676), ('3', '36', 367.6955262170047), ('3', '37', 447.4650824366076), ('3', '38', 462.0876540224809), ('3', '39', 392.23717314910374), ('3', '40', 426.8782027698299), ('3', '41', 246.9817807045694), ('3', '42', 550.0909015790027), ('3', '43', 556.5968020030299), ('3', '44', 434.1946568072896), ('3', '45', 219.82947936980608), ('3', '46', 552.675311552814), ('3', '47', 1072.3105893350116), ('3', '48', 504.801941359183), ('3', '49', 288.4874347350331), ('3', '50', 463.24939287601876), ('3', '51', 995.3140207994661), ('3', '52', 1483.5936101237428), ('4', '1', 395.60080889704966), ('4', '2', 1047.091209016674), ('4', '3', 603.5105632878351), ('4', '5', 104.4030650891055), ('4', '6', 69.6419413859206), ('4', '7', 1026.364944841746), ('4', '8', 525.0), ('4', '9', 611.0032733136542), ('4', '10', 533.9007398384085), ('4', '11', 663.1930337390464), ('4', '12', 294.3637205907005), ('4', '13', 711.0731326663946), ('4', '14', 897.008918573277), ('4', '15', 100.12492197250393), ('4', '16', 384.2199890687625), ('4', '17', 800.2499609497023), ('4', '18', 532.3532661682466), ('4', '19', 474.68410548490033), ('4', '20', 500.62460986251966), ('4', '21', 681.4873439763941), ('4', '22', 436.6062299143245), ('4', '23', 537.7034498680476), ('4', '24', 125.29964086141668), ('4', '25', 109.20164833920778), ('4', '26', 516.2363799656123), ('4', '27', 526.806416058119), ('4', '28', 417.43262929483603), ('4', '29', 579.8706752371601), ('4', '30', 689.5288246331694), ('4', '31', 540.8558033339385), ('4', '32', 370.5401462729781), ('4', '33', 517.3490117899134), ('4', '34', 266.5520587052368), ('4', '35', 275.13632984395207), ('4', '36', 270.60118255469615), ('4', '37', 190.3943276465977), ('4', '38', 155.24174696260025), ('4', '39', 230.4886114323222), ('4', '40', 188.2817038376273), ('4', '41', 544.5410911951457), ('4', '42', 950.3288904374107), ('4', '43', 245.20399670478457), ('4', '44', 307.001628660175), ('4', '45', 411.0960958218893), ('4', '46', 230.70543990118657), ('4', '47', 659.5642500924379), ('4', '48', 137.2953021774598), ('4', '49', 345.2535300326414), ('4', '50', 477.62432936357), ('4', '51', 397.0201506221063), ('4', '52', 908.6390922693124), ('5', '1', 291.20439557122074), ('5', '2', 945.1454914456292), ('5', '3', 508.9449872039217), ('5', '4', 104.4030650891055), ('5', '6', 35.35533905932738), ('5', '7', 923.5935253129485), ('5', '8', 470.5581791872287), ('5', '9', 583.6308764964376), ('5', '10', 513.4685968976097), ('5', '11', 760.8054941967756), ('5', '12', 382.4264635194589), ('5', '13', 769.041611357929), ('5', '14', 944.3119188064927), ('5', '15', 25.0), ('5', '16', 309.23292192132453), ('5', '17', 700.0714249274855), ('5', '18', 430.4648650006177), ('5', '19', 400.7804885470349), ('5', '20', 406.6017707782395), ('5', '21', 577.1698190307598), ('5', '22', 332.4530041975858), ('5', '23', 436.83520920365385), ('5', '24', 31.622776601683793), ('5', '25', 150.08331019803634), ('5', '26', 552.268050859363), ('5', '27', 584.1446738608511), ('5', '28', 478.5916840063145), ('5', '29', 509.7548430373173), ('5', '30', 594.3483826847685), ('5', '31', 436.6062299143245), ('5', '32', 270.1851217221259), ('5', '33', 589.9576255969577), ('5', '34', 163.24827717314508), ('5', '35', 170.88007490635061), ('5', '36', 166.20770138594662), ('5', '37', 87.46427842267951), ('5', '38', 50.99019513592785), ('5', '39', 126.58988901172162), ('5', '40', 85.14693182963201), ('5', '41', 479.5049530505394), ('5', '42', 847.6585397434512), ('5', '43', 266.6927070618917), ('5', '44', 212.24985276791125), ('5', '45', 331.2099032335839), ('5', '46', 170.66048165876012), ('5', '47', 673.5911222692888), ('5', '48', 47.43416490252569), ('5', '49', 241.8677324489565), ('5', '50', 386.6846260197061), ('5', '51', 499.9249943741561), ('5', '52', 984.4414660100416), ('6', '1', 326.266762021509), ('6', '2', 978.084863393765), ('6', '3', 542.5172808307584), ('6', '4', 69.6419413859206), ('6', '5', 35.35533905932738), ('6', '7', 957.0397065952907), ('6', '8', 491.553659329274), ('6', '9', 596.007550287746), ('6', '10', 523.2590180780452), ('6', '11', 726.102609828666), ('6', '12', 349.28498393145964), ('6', '13', 744.194195086202), ('6', '14', 922.7811224770477), ('6', '15', 40.311288741492746), ('6', '16', 328.8236609491476), ('6', '17', 735.0170066059696), ('6', '18', 465.67155807500205), ('6', '19', 427.93106921559223), ('6', '20', 435.22982434571276), ('6', '21', 611.9027700541974), ('6', '22', 367.7295201639379), ('6', '23', 469.0682253148256), ('6', '24', 57.0087712549569), ('6', '25', 124.19742348374221), ('6', '26', 533.3385416412356), ('6', '27', 559.128786595718), ('6', '28', 452.21676218380054), ('6', '29', 528.0151512977634), ('6', '30', 623.698645180507), ('6', '31', 471.8315377335432), ('6', '32', 305.04098085339285), ('6', '33', 568.242905807015), ('6', '34', 196.9771560359221), ('6', '35', 205.54804791094466), ('6', '36', 201.30822139197394), ('6', '37', 120.83045973594572), ('6', '38', 86.31338250816034), ('6', '39', 161.94134740701648), ('6', '40', 120.41594578792295), ('6', '41', 504.0089284923433), ('6', '42', 881.036321612225), ('6', '43', 260.0480724789169), ('6', '44', 240.8318915758459), ('6', '45', 360.06943774777665), ('6', '46', 182.00274723201295), ('6', '47', 661.9101147436863), ('6', '48', 70.71067811865476), ('6', '49', 277.2183255125822), ('6', '50', 413.7934267240116), ('6', '51', 464.5696933722647), ('6', '52', 954.8952822168512), ('7', '1', 640.8002808988149), ('7', '2', 45.0), ('7', '3', 610.5735008989499), ('7', '4', 1026.364944841746), ('7', '5', 923.5935253129485), ('7', '6', 957.0397065952907), ('7', '8', 918.0958555619343), ('7', '9', 1095.9242674564698), ('7', '10', 1095.7303500405562), ('7', '11', 1627.4212730574711), ('7', '12', 1245.2007870219163), ('7', '13', 1440.3124660989365), ('7', '14', 1521.7259937321173), ('7', '15', 935.3608929178085), ('7', '16', 713.8627319029898), ('7', '17', 451.2482686947397), ('7', '18', 562.2499444197393), ('7', '19', 807.0006195784487), ('7', '20', 551.7698795693726), ('7', '21', 361.7319449537185), ('7', '22', 609.1387362497971), ('7', '23', 491.1720676097125), ('7', '24', 901.1797822854217), ('7', '25', 1012.4228365658294), ('7', '26', 1190.094534060215), ('7', '27', 1297.7865772152215), ('7', '28', 1236.7396654106312), ('7', '29', 636.9654621720082), ('7', '30', 385.5191305240247), ('7', '31', 511.5173506343651), ('7', '32', 701.2310603502957), ('7', '33', 1459.6318028872897), ('7', '34', 760.3453162872775), ('7', '35', 754.204879326566), ('7', '36', 761.5773105863908), ('7', '37', 836.3163277133838), ('7', '38', 874.7142390518175), ('7', '39', 804.3941819779653), ('7', '40', 846.5370635713477), ('7', '41', 857.5546629807338), ('7', '42', 76.15773105863909), ('7', '43', 1094.805918873295), ('7', '44', 726.9972489631581), ('7', '45', 789.3826701923472), ('7', '46', 844.4228798416111), ('7', '47', 1156.8275584545866), ('7', '48', 890.1825655448438), ('7', '49', 701.7300050589258), ('7', '50', 584.6366392897387), ('7', '51', 1405.0800688928728), ('7', '52', 1715.0655964131518), ('8', '1', 426.8782027698299), ('8', '2', 956.1511386804913), ('8', '3', 308.05843601498725), ('8', '4', 525.0), ('8', '5', 470.5581791872287), ('8', '6', 491.553659329274), ('8', '7', 918.0958555619343), ('8', '9', 183.43936327844142), ('8', '10', 180.34688796871433), ('8', '11', 1144.9017425089369), ('8', '12', 812.0498753155498), ('8', '13', 1234.3419299367579), ('8', '14', 1414.2312399321406), ('8', '15', 452.54833995939043), ('8', '16', 660.9841147864297), ('8', '17', 506.5816814690401), ('8', '18', 381.21516234273787), ('8', '19', 125.89678312014172), ('8', '20', 635.963835449784), ('8', '21', 580.387801388003), ('8', '22', 415.03011938894264), ('8', '23', 586.7282164682384), ('8', '24', 486.5439342957633), ('8', '25', 615.5485358604957), ('8', '26', 1022.8025224841792), ('8', '27', 1049.4045930907678), ('8', '28', 941.0765112359356), ('8', '29', 831.0385069297331), ('8', '30', 758.7654446533527), ('8', '31', 457.21985958617324), ('8', '32', 338.71079108879894), ('8', '33', 645.155020130821), ('8', '34', 455.0), ('8', '35', 435.4595273960601), ('8', '36', 421.54477816715985), ('8', '37', 460.5702986515739), ('8', '38', 446.0100895719737), ('8', '39', 413.82363393117123), ('8', '40', 421.57442996462675), ('8', '41', 64.03124237432849), ('8', '42', 855.8621384311845), ('8', '43', 359.02646142032484), ('8', '44', 529.7405025104273), ('8', '45', 187.41664813991312), ('8', '46', 598.5398900658167), ('8', '47', 1135.8917201916738), ('8', '48', 495.1009997970111), ('8', '49', 383.43839140075687), ('8', '50', 643.8167441127949), ('8', '51', 860.1453365565612), ('8', '52', 1430.4719500919966), ('9', '1', 600.1874707122766), ('9', '2', 1134.9559462816167), ('9', '3', 485.64390246352315), ('9', '4', 611.0032733136542), ('9', '5', 583.6308764964376), ('9', '6', 596.007550287746), ('9', '7', 1095.9242674564698), ('9', '8', 183.43936327844142), ('9', '10', 83.21658488546619), ('9', '11', 1165.6114275349225), ('9', '12', 873.8563955250313), ('9', '13', 1316.7573808412847), ('9', '14', 1507.1164520368027), ('9', '15', 561.4712815451918), ('9', '16', 817.9547664755063), ('9', '17', 670.3170891451299), ('9', '18', 564.6459067415614), ('9', '19', 308.05843601498725), ('9', '20', 810.246875958186), ('9', '21', 763.2168761236874), ('9', '22', 593.0430001273095), ('9', '23', 766.550715869472), ('9', '24', 606.2384019509157), ('9', '25', 714.177848998413), ('9', '26', 1126.110562955521), ('9', '27', 1134.5483682946267), ('9', '28', 1024.4632741099117), ('9', '29', 998.2108995598074), ('9', '30', 940.4918925753693), ('9', '31', 640.3124237432849), ('9', '32', 510.02450921499843), ('9', '33', 570.1973342624464), ('9', '34', 606.9802303205599), ('9', '35', 589.4276885250641), ('9', '36', 574.6738205277843), ('9', '37', 596.0914359391519), ('9', '38', 571.9484242482009), ('9', '39', 557.8530272392542), ('9', '40', 555.0), ('9', '41', 239.26972228010797), ('9', '42', 1035.5916183515585), ('9', '43', 389.9358921669048), ('9', '44', 685.5836929215864), ('9', '45', 360.86701151532264), ('9', '46', 733.8937252763509), ('9', '47', 1257.060062208644), ('9', '48', 617.8389757857625), ('9', '49', 550.567888638631), ('9', '50', 815.1380251221261), ('9', '51', 883.2326986700617), ('9', '52', 1486.7750334196496), ('10', '1', 561.4712815451918), ('10', '2', 1132.9827889248804), ('10', '3', 487.2627627882106), ('10', '4', 533.9007398384085), ('10', '5', 513.4685968976097), ('10', '6', 523.2590180780452), ('10', '7', 1095.7303500405562), ('10', '8', 180.34688796871433), ('10', '9', 83.21658488546619), ('10', '11', 1082.64721862664), ('10', '12', 792.085853932514), ('10', '13', 1236.577939314785), ('10', '14', 1428.2944374322824), ('10', '15', 490.43348172815445), ('10', '16', 763.6916917185888), ('10', '17', 686.476510887299), ('10', '18', 547.9507277118993), ('10', '19', 290.90376415577714), ('10', '20', 770.275924588066), ('10', '21', 751.4818693754361), ('10', '22', 560.290103428572), ('10', '23', 734.9319696407281), ('10', '24', 537.8196723809942), ('10', '25', 638.8466169590318), ('10', '26', 1049.976190206235), ('10', '27', 1055.0473923004597), ('10', '28', 944.9338601193207), ('10', '29', 950.0526301210897), ('10', '30', 912.1403400793104), ('10', '31', 619.293952820468), ('10', '32', 471.00955404322747), ('10', '33', 500.89919145472777), ('10', '34', 552.268050859363), ('10', '35', 536.1436374704077), ('10', '36', 521.1765535785354), ('10', '37', 533.6665625650534), ('10', '38', 506.2114182829147), ('10', '39', 499.9249943741561), ('10', '40', 492.44289008980525), ('10', '41', 243.97745797511703), ('10', '42', 1031.952033769012), ('10', '43', 307.77426793024785), ('10', '44', 631.9810123729984), ('10', '45', 329.013677527242), ('10', '46', 669.6454285664914), ('10', '47', 1185.1687643538367), ('10', '48', 550.2726596879041), ('10', '49', 507.0009861923347), ('10', '50', 771.961786619001), ('10', '51', 800.0781211856752), ('10', '52', 1404.0388171272189), ('11', '1', 1040.9731024382907), ('11', '2', 1638.7876616572387), ('11', '3', 1266.6885963013956), ('11', '4', 663.1930337390464), ('11', '5', 760.8054941967756), ('11', '6', 726.102609828666), ('11', '7', 1627.4212730574711), ('11', '8', 1144.9017425089369), ('11', '9', 1165.6114275349225), ('11', '10', 1082.64721862664), ('11', '12', 387.07234465923807), ('11', '13', 442.7188724235731), ('11', '14', 619.5562928419015), ('11', '15', 762.3647421018367), ('11', '16', 914.8223871331528), ('11', '17', 1460.6933285258751), ('11', '18', 1190.094534060215), ('11', '19', 1124.2997820866105), ('11', '20', 1075.6625865019198), ('11', '21', 1314.1727435919527), ('11', '22', 1085.5643693489576), ('11', '23', 1143.5252511422736), ('11', '24', 770.0162335951106), ('11', '25', 631.2685640834652), ('11', '26', 541.040663906143), ('11', '27', 417.43262929483603), ('11', '28', 417.6421913552317), ('11', '29', 1042.4130659196478), ('11', '30', 1250.9696239317723), ('11', '31', 1186.7813614984018), ('11', '32', 1030.9825410742899), ('11', '33', 706.1338400048535), ('11', '34', 905.883546599672), ('11', '35', 920.3396112305501), ('11', '36', 920.0543462209175), ('11', '37', 835.0598780925833), ('11', '38', 810.38571063414), ('11', '39', 885.1271095159158), ('11', '40', 845.5323766716447), ('11', '41', 1180.0423721205946), ('11', '42', 1552.3208431249), ('11', '43', 789.2401408950257), ('11', '44', 912.9211356957402), ('11', '45', 1067.9536506796537), ('11', '46', 786.6701977321882), ('11', '47', 705.1595564125895), ('11', '48', 775.064513443881), ('11', '49', 1000.0124999218759), ('11', '50', 1042.928568982555), ('11', '51', 285.0438562747845), ('11', '52', 398.55990766759265), ('12', '1', 655.0190836914601), ('12', '2', 1258.5904814513735), ('12', '3', 891.3613184337763), ('12', '4', 294.3637205907005), ('12', '5', 382.4264635194589), ('12', '6', 349.28498393145964), ('12', '7', 1245.2007870219163), ('12', '8', 812.0498753155498), ('12', '9', 873.8563955250313), ('12', '10', 792.085853932514), ('12', '11', 387.07234465923807), ('12', '13', 452.133829745132), ('12', '14', 653.2419153728579), ('12', '15', 388.1043674065006), ('12', '16', 537.7034498680476), ('12', '17', 1078.3552290409687), ('12', '18', 806.8766944211488), ('12', '19', 768.8465386538461), ('12', '20', 694.1361537911708), ('12', '21', 927.1596410543332), ('12', '22', 700.0178569150933), ('12', '23', 758.1721440411801), ('12', '24', 387.62094886628614), ('12', '25', 245.0), ('12', '26', 335.0373113550191), ('12', '27', 283.24018076537095), ('12', '28', 182.4828759089466), ('12', '29', 688.1860213634102), ('12', '30', 874.642784226795), ('12', '31', 800.3905296791061), ('12', '32', 650.5766672729663), ('12', '33', 584.2088667591412), ('12', '34', 520.0), ('12', '35', 535.2102390649865), ('12', '36', 535.8404613315422), ('12', '37', 450.99889135118724), ('12', '38', 429.94185653411324), ('12', '39', 503.0159043211258), ('12', '40', 465.29560496527364), ('12', '41', 836.3163277133838), ('12', '42', 1169.6260086027498), ('12', '43', 484.38104834933415), ('12', '44', 526.1178575186362), ('12', '45', 705.3013540324448), ('12', '46', 401.40378672852603), ('12', '47', 517.4214916294065), ('12', '48', 391.1521443121589), ('12', '49', 616.644143732834), ('12', '50', 662.5896165802782), ('12', '51', 188.2153022471871), ('12', '52', 618.5668920981789), ('13', '1', 975.0), ('13', '2', 1440.0781228808387), ('13', '3', 1247.7579893553077), ('13', '4', 711.0731326663946), ('13', '5', 769.041611357929), ('13', '6', 744.194195086202), ('13', '7', 1440.3124660989365), ('13', '8', 1234.3419299367579), ('13', '9', 1316.7573808412847), ('13', '10', 1236.577939314785), ('13', '11', 442.7188724235731), ('13', '12', 452.133829745132), ('13', '14', 205.54804791094466), ('13', '15', 784.0918313565063), ('13', '16', 759.2759709091287), ('13', '17', 1399.5088424157955), ('13', '18', 1136.540804370877), ('13', '19', 1169.4656899627282), ('13', '20', 919.9184746487049), ('13', '21', 1194.7593900028573), ('13', '22', 1020.4165815979276), ('13', '23', 1008.191450072852), ('13', '24', 759.9506562928938), ('13', '25', 620.0806399170998), ('13', '26', 254.01771591761076), ('13', '27', 185.06755523321746), ('13', '28', 293.64093720052045), ('13', '29', 805.2484088776581), ('13', '30', 1056.184169546202), ('13', '31', 1103.653025184999), ('13', '32', 1004.1538726709169), ('13', '33', 1010.3588471429347), ('13', '34', 854.1808941904519), ('13', '35', 874.3140168154689), ('13', '36', 881.1923740024082), ('13', '37', 806.9231685854608), ('13', '38', 804.3164800002546), ('13', '39', 862.6992523469578), ('13', '40', 836.376111567039), ('13', '41', 1248.0785231707177), ('13', '42', 1371.3132391981053), ('13', '43', 930.859817588019), ('13', '44', 821.7207554881403), ('13', '45', 1098.3282751527431), ('13', '46', 696.0244248587833), ('13', '47', 324.4225639501667), ('13', '48', 755.8604368532593), ('13', '49', 959.2835868501035), ('13', '50', 884.5903006477066), ('13', '51', 539.6758286230726), ('13', '52', 278.65749586185547), ('14', '1', 1120.7698247187066), ('14', '2', 1515.7258987033242), ('14', '3', 1399.7321172281502), ('14', '4', 897.008918573277), ('14', '5', 944.3119188064927), ('14', '6', 922.7811224770477), ('14', '7', 1521.7259937321173), ('14', '8', 1414.2312399321406), ('14', '9', 1507.1164520368027), ('14', '10', 1428.2944374322824), ('14', '11', 619.5562928419015), ('14', '12', 653.2419153728579), ('14', '13', 205.54804791094466), ('14', '15', 961.6912186351709), ('14', '16', 883.8834764831844), ('14', '17', 1534.21804187019), ('14', '18', 1280.6736508572353), ('14', '19', 1340.6341782902598), ('14', '20', 1034.6496991735899), ('14', '21', 1313.202193114221), ('14', '22', 1164.6887996370533), ('14', '23', 1127.2089424769483), ('14', '24', 931.3565375300697), ('14', '25', 799.155804583812), ('14', '26', 396.01136347332255), ('14', '27', 374.4329045369811), ('14', '28', 484.1745553000488), ('14', '29', 887.4260532573968), ('14', '30', 1146.483754791144), ('14', '31', 1238.7897319561541), ('14', '32', 1160.8725166873407), ('14', '33', 1215.905012737426), ('14', '34', 1009.7153064106734), ('14', '35', 1030.5944886326533), ('14', '36', 1039.25454052412), ('14', '37', 971.4036236292307), ('14', '38', 974.5896572404204), ('14', '39', 1026.157882589224), ('14', '40', 1004.4525872334642), ('14', '41', 1423.0425151765494), ('14', '42', 1457.4807031312628), ('14', '43', 1125.27774349269), ('14', '44', 966.3979511567685), ('14', '45', 1267.5665662993797), ('14', '46', 848.7638069569177), ('14', '47', 364.9657518178932), ('14', '48', 925.2161909521471), ('14', '49', 1113.5640978408023), ('14', '50', 1000.1249921884764), ('14', '51', 744.6475676452586), ('14', '52', 318.90437438203946), ('15', '1', 299.0401310861136), ('15', '2', 957.8230525519837), ('15', '3', 504.8762224545735), ('15', '4', 100.12492197250393), ('15', '5', 25.0), ('15', '6', 40.311288741492746), ('15', '7', 935.3608929178085), ('15', '8', 452.54833995939043), ('15', '9', 561.4712815451918), ('15', '10', 490.43348172815445), ('15', '11', 762.3647421018367), ('15', '12', 388.1043674065006), ('15', '13', 784.0918313565063), ('15', '14', 961.6912186351709), ('15', '16', 332.41540277189324), ('15', '17', 700.1606958406048), ('15', '18', 432.3482392701513), ('15', '19', 387.62094886628614), ('15', '20', 424.7940677551889), ('15', '21', 585.8754133772811), ('15', '22', 338.60005906674024), ('15', '23', 451.0543204537564), ('15', '24', 55.90169943749474), ('15', '25', 164.01219466856725), ('15', '26', 571.0735504293646), ('15', '27', 599.0409001061614), ('15', '28', 492.36673323854853), ('15', '29', 533.127564472144), ('15', '30', 611.657583947097), ('15', '31', 443.00112866673373), ('15', '32', 270.4163456597992), ('15', '33', 568.7046685231272), ('15', '34', 176.13914953808538), ('15', '35', 181.1767093199344), ('15', '36', 174.64249196572982), ('15', '37', 102.59142264341595), ('15', '38', 61.032778078668514), ('15', '39', 132.85330255586422), ('15', '40', 90.13878188659973), ('15', '41', 464.0043103248072), ('15', '42', 859.5929269136642), ('15', '43', 241.8677324489565), ('15', '44', 231.1384866265244), ('15', '45', 319.88279103446627), ('15', '46', 195.57607215607945), ('15', '47', 695.5932719628619), ('15', '48', 71.58910531638176), ('15', '49', 246.22144504490262), ('15', '50', 406.07881008493905), ('15', '51', 497.04124577342674), ('15', '52', 995.1130589033589), ('16', '1', 260.0480724789169), ('16', '2', 724.0338389882064), ('16', '3', 537.4011537017761), ('16', '4', 384.2199890687625), ('16', '5', 309.23292192132453), ('16', '6', 328.8236609491476), ('16', '7', 713.8627319029898), ('16', '8', 660.9841147864297), ('16', '9', 817.9547664755063), ('16', '10', 763.6916917185888), ('16', '11', 914.8223871331528), ('16', '12', 537.7034498680476), ('16', '13', 759.2759709091287), ('16', '14', 883.8834764831844), ('16', '15', 332.41540277189324), ('16', '17', 650.7111494357539), ('16', '18', 407.82962128810607), ('16', '19', 548.8624600025037), ('16', '20', 165.07574019219177), ('16', '21', 435.4882317583335), ('16', '22', 297.06901555025894), ('16', '23', 249.09837414162303), ('16', '24', 277.71388153997634), ('16', '25', 326.49655434629017), ('16', '26', 505.69259436934607), ('16', '27', 597.5366097570926), ('16', '28', 525.8564442887431), ('16', '29', 200.81085628023203), ('16', '30', 337.08307581366347), ('16', '31', 356.72117963473937), ('16', '32', 330.94561486745823), ('16', '33', 897.0646576473738), ('16', '34', 211.482859825566), ('16', '35', 228.52789764052878), ('16', '36', 243.3105012119288), ('16', '37', 244.1823089414956), ('16', '38', 283.7692724732542), ('16', '39', 265.04716561397146), ('16', '40', 282.17902119044925), ('16', '41', 640.7807737440318), ('16', '42', 639.5310782127792), ('16', '43', 570.087712549569), ('16', '44', 132.38202294873727), ('16', '45', 476.366455578056), ('16', '46', 155.72411502397438), ('16', '47', 539.4905003797564), ('16', '48', 261.9637379485947), ('16', '49', 281.82441342083905), ('16', '50', 130.38404810405297), ('16', '51', 710.105625945887), ('16', '52', 1022.6680790950699), ('17', '1', 429.53463189829057), ('17', '2', 494.77267507411926), ('17', '3', 217.3131381210073), ('17', '4', 800.2499609497023), ('17', '5', 700.0714249274855), ('17', '6', 735.0170066059696), ('17', '7', 451.2482686947397), ('17', '8', 506.5816814690401), ('17', '9', 670.3170891451299), ('17', '10', 686.476510887299), ('17', '11', 1460.6933285258751), ('17', '12', 1078.3552290409687), ('17', '13', 1399.5088424157955), ('17', '14', 1534.21804187019), ('17', '15', 700.1606958406048), ('17', '16', 650.7111494357539), ('17', '18', 271.6615541441225), ('17', '19', 421.0997506529777), ('17', '20', 512.0790954530364), ('17', '21', 253.03161857759991), ('17', '22', 383.43839140075687), ('17', '23', 418.0011961705373), ('17', '24', 691.158447825099), ('17', '25', 834.3410573620358), ('17', '26', 1149.4781424629177), ('17', '27', 1226.0199835239227), ('17', '28', 1136.3318177363512), ('17', '29', 707.4249076757193), ('17', '30', 492.3921201644072), ('17', '31', 296.1840643923977), ('17', '32', 430.0), ('17', '33', 1120.2901409902704), ('17', '34', 561.4712815451918), ('17', '35', 544.5181356024792), ('17', '36', 542.7936993002038), ('17', '37', 627.4153329334564), ('17', '38', 650.3076195155644), ('17', '39', 575.7820768311567), ('17', '40', 615.1828996322963), ('17', '41', 442.6341604530766), ('17', '42', 408.0747480548141), ('17', '43', 773.2561024654121), ('17', '44', 579.0077719685635), ('17', '45', 436.5775990588615), ('17', '46', 708.2548976180822), ('17', '47', 1187.6973520219703), ('17', '48', 687.2044819411468), ('17', '49', 461.7358552246078), ('17', '50', 543.6221113972463), ('17', '51', 1196.505328028254), ('17', '52', 1649.37109226517), ('18', '1', 161.55494421403512), ('18', '2', 595.4829972383762), ('18', '3', 134.6291201783626), ('18', '4', 532.3532661682466), ('18', '5', 430.4648650006177), ('18', '6', 465.67155807500205), ('18', '7', 562.2499444197393), ('18', '8', 381.21516234273787), ('18', '9', 564.6459067415614), ('18', '10', 547.9507277118993), ('18', '11', 1190.094534060215), ('18', '12', 806.8766944211488), ('18', '13', 1136.540804370877), ('18', '14', 1280.6736508572353), ('18', '15', 432.3482392701513), ('18', '16', 407.82962128810607), ('18', '17', 271.6615541441225), ('18', '19', 258.11818998280614), ('18', '20', 306.4718584144391), ('18', '21', 205.24375751773792), ('18', '22', 116.29703349613007), ('18', '23', 229.40139493908924), ('18', '24', 420.11903075200007), ('18', '25', 562.6944108483751), ('18', '26', 890.0), ('18', '27', 959.9088498394001), ('18', '28', 867.438758645243), ('18', '29', 516.768807108169), ('18', '30', 385.0324661635691), ('18', '31', 80.15609770940699), ('18', '32', 162.78820596099706), ('18', '33', 903.2441530394758), ('18', '34', 290.25850547399983), ('18', '35', 272.9468812791236), ('18', '36', 271.15493725912495), ('18', '37', 355.8791929854849), ('18', '38', 380.13155617496426), ('18', '39', 305.0), ('18', '40', 345.3259329966401), ('18', '41', 330.49205739321485), ('18', '42', 492.97565862829373), ('18', '43', 541.1330705103875), ('18', '44', 315.35694062442957), ('18', '45', 228.0350850198276), ('18', '46', 441.27655727446023), ('18', '47', 946.0047568590762), ('18', '48', 415.7523301197481), ('18', '49', 190.26297590440447), ('18', '50', 328.6715685908959), ('18', '51', 929.3680648698878), ('18', '52', 1381.2041847605299), ('19', '1', 305.0), ('19', '2', 843.4008536870235), ('19', '3', 207.0024154448445), ('19', '4', 474.68410548490033), ('19', '5', 400.7804885470349), ('19', '6', 427.93106921559223), ('19', '7', 807.0006195784487), ('19', '8', 125.89678312014172), ('19', '9', 308.05843601498725), ('19', '10', 290.90376415577714), ('19', '11', 1124.2997820866105), ('19', '12', 768.8465386538461), ('19', '13', 1169.4656899627282), ('19', '14', 1340.6341782902598), ('19', '15', 387.62094886628614), ('19', '16', 548.8624600025037), ('19', '17', 421.0997506529777), ('19', '18', 258.11818998280614), ('19', '20', 512.4451190127583), ('19', '21', 460.65171225124084), ('19', '22', 290.17236257093816), ('19', '23', 460.9772228646444), ('19', '24', 410.03048667141815), ('19', '25', 550.6813960903346), ('19', '26', 945.4760705591655), ('19', '27', 984.7334664770971), ('19', '28', 879.3321329281672), ('19', '29', 711.0028129339573), ('19', '30', 632.9494450586081), ('19', '31', 332.41540277189324), ('19', '32', 219.82947936980608), ('19', '33', 700.5890378816956), ('19', '34', 350.891721190455), ('19', '35', 330.1893396219811), ('19', '36', 317.56889016400834), ('19', '37', 371.24789561693143), ('19', '38', 366.23080154459973), ('19', '39', 318.90437438203946), ('19', '40', 336.34060117684277), ('19', '41', 91.92388155425118), ('19', '42', 741.923176616016), ('19', '43', 367.76351096866586), ('19', '44', 420.38672671719786), ('19', '45', 75.0), ('19', '46', 504.47993022517755), ('19', '47', 1044.8444860360798), ('19', '48', 415.4816482108446), ('19', '49', 267.44158240632663), ('19', '50', 521.9674319342156), ('19', '51', 843.4453153583818), ('19', '52', 1381.9551367537226), ('20', '1', 210.05951537600004), ('20', '2', 564.468776815866), ('20', '3', 440.9648512069868), ('20', '4', 500.62460986251966), ('20', '5', 406.6017707782395), ('20', '6', 435.22982434571276), ('20', '7', 551.7698795693726), ('20', '8', 635.963835449784), ('20', '9', 810.246875958186), ('20', '10', 770.275924588066), ('20', '11', 1075.6625865019198), ('20', '12', 694.1361537911708), ('20', '13', 919.9184746487049), ('20', '14', 1034.6496991735899), ('20', '15', 424.7940677551889), ('20', '16', 165.07574019219177), ('20', '17', 512.0790954530364), ('20', '18', 306.4718584144391), ('20', '19', 512.4451190127583), ('20', '21', 278.5677655436824), ('20', '22', 223.60679774997897), ('20', '23', 94.33981132056604), ('20', '24', 378.4507894033252), ('20', '25', 467.38634982207174), ('20', '26', 665.9016443890193), ('20', '27', 761.6429609731846), ('20', '28', 690.8871108943921), ('20', '29', 210.2974084481309), ('20', '30', 189.01058171435798), ('20', '31', 236.00847442411893), ('20', '32', 300.3747659175118), ('20', '33', 990.0126261821109), ('20', '34', 256.56383221335), ('20', '35', 261.7728022541685), ('20', '36', 275.04545078950133), ('20', '37', 322.6840560052511), ('20', '38', 365.54753452868476), ('20', '39', 313.8470965295043), ('20', '40', 348.1738071710737), ('20', '41', 601.0407640085654), ('20', '42', 476.7074574621211), ('20', '43', 638.1614215854794), ('20', '44', 194.48650338776724), ('20', '45', 450.0277769204919), ('20', '46', 295.4657340538831), ('20', '47', 679.7793759742935), ('20', '48', 364.58880948268285), ('20', '49', 263.86549603917524), ('20', '50', 35.35533905932738), ('20', '51', 859.0692637965811), ('20', '52', 1186.086000254619), ('21', '1', 286.9233347080715), ('21', '2', 392.4601890638081), ('21', '3', 288.5307609250702), ('21', '4', 681.4873439763941), ('21', '5', 577.1698190307598), ('21', '6', 611.9027700541974), ('21', '7', 361.7319449537185), ('21', '8', 580.387801388003), ('21', '9', 763.2168761236874), ('21', '10', 751.481869